import java.util.*;

A = [132;222;333;45214;54;63;0;0;91;0];

A((A>0))

